10000
1791
4276
560
7472
1272
2742
8897
7029
3106
929
3275
9652
3559
3054
920
369
9972
6081
1974
4061
4982
9511
5028
2300
1898
5761
1869
7482
3731
5251
4538
2039
881
4379
8081
5235
6039
6729
2661
9026
7756
9346
9257
8616
2459
3894
1973
8462
9242
4787
5532
1074
4635
5688
5887
1198
6000
5536
8804
7437
3800
4963
2728
1427
5621
4457
147
6176
7521
474
2906
7490
7237
4322
4567
2889
8626
3748
2569
8156
9670
8488
399
4928
7328
9285
7226
9817
2258
4551
7707
4497
3052
3584
3268
8860
9474
835
254
630
2081
3832
5949
6808
6169
492
1993
1715
7781
2599
696
789
1456
3325
7826
7232
7890
9536
6350
1933
3544
8791
5189
3643
5607
6599
8360
4327
1049
1926
334
273
3663
4244
6536
680
8941
3614
1748
205
8812
7576
9124
2465
163
5938
9932
1724
8185
7502
6495
677
9012
5988
6473
9798
8199
9310
5198
877
1666
6638
2835
949
8119
5368
7729
883
7085
3752
1886
1222
6923
6893
4586
816
3302
8531
1184
2745
2072
2666
8629
5735
8591
3247
2573
7141
603
814
236
2858
5197
8675
1045
7306
8556
3306
6758
1240
5008
6952
6126
5634
1745
1440
9939
1688
4576
4574
8225
4738
7417
7952
6721
1859
3528
2294
1490
5504
8537
2028
2189
5811
1090
9816
2073
5983
2478
6004
7975
5668
1880
4392
9697
8976
1634
5321
8111
4976
6386
4325
4860
5141
9364
3231
1608
7555
6377
6777
1237
2365
4250
4252
2564
5215
7396
2801
3757
7722
7366
2333
1698
2721
6344
8635
774
5692
7780
819
9197
5579
5545
9628
3293
4125
1375
8651
2819
2246
1085
1625
5143
7711
7244
7528
7179
2013
5643
2690
1001
2467
5755
3642
5453
6889
6931
9025
1896
2376
4426
795
8436
8264
3890
2147
4149
705
3421
66
6476
633
6907
895
8489
4240
1235
3252
5
3860
75
559
1526
4483
4291
8328
6349
8985
522
1895
3016
9734
5413
3159
4870
2228
3759
1118
3626
4056
1742
9329
2289
7014
3560
3756
1242
2111
4485
5034
8190
6462
2090
3211
1150
5866
7861
229
1543
6749
4154
3493
5308
6804
9139
1515
1646
719
5231
5252
3491
9208
831
1444
1061
1557
4869
5939
5891
2112
2214
5088
6662
8209
5673
5123
6097
6080
1307
5501
7420
3349
4299
4225
2000
9345
8540
4112
4637
6397
6117
1154
9293
9835
9532
1668
615
6694
8839
9042
7358
3804
6644
3291
1546
7988
8390
8835
9540
2284
9943
6705
2002
2512
9770
323
6373
3707
2076
3932
8680
3507
925
6591
5921
6919
1484
4260
2089
5233
9424
3044
2842
8315
8492
4072
6052
4040
3472
2595
2140
9886
2775
396
6371
32
4927
4283
6450
8425
5004
1068
2380
1860
3599
2310
6698
6670
3938
8796
1686
9684
8717
1173
9397
587
1813
1363
918
3312
9690
9938
8940
6950
9243
712
8975
9550
7775
9163
2811
5338
7751
451
3234
2681
7402
8420
7550
8320
6585
4121
8347
2929
7657
4612
7060
2436
605
6346
4163
7049
7978
5847
8793
7811
5568
1779
5624
4974
824
7665
4471
8732
1585
9046
7101
9830
4254
7300
4689
7829
7070
527
9220
7578
6133
8565
8325
9101
7851
599
523
4447
1387
1788
4550
4636
4871
2561
121
1858
5985
8898
6748
6725
4082
2958
7566
4301
3344
4697
7454
3865
1610
3605
7509
725
9905
332
1120
8562
9685
8088
4169
6264
1338
9034
136
2293
7153
1565
9076
6301
3224
3013
821
7148
837
2360
7761
2923
1133
7551
3265
8330
3322
7938
2266
664
7686
9867
8874
544
2693
3566
8652
7909
611
8509
274
781
6703
7516
8797
4101
2777
8916
5194
5684
269
5802
3825
2739
5253
1426
29
7134
5439
989
208
1685
3111
9617
2964
7441
7378
7305
5239
2932
2723
4868
459
768
3751
7121
5442
1019
9771
8280
2655
1720
1726
6488
8984
5490
8097
3246
993
4710
164
9406
4178
6172
8141
2134
7128
5520
4774
4848
8374
9551
8316
1267
34
6582
5810
5086
9116
6700
4461
940
5106
2464
5435
6879
3855
7174
9027
5776
7327
7394
4772
6583
8277
2075
3874
9508
3564
7876
1551
7094
6916
3287
1852
3734
1000
3267
5287
6885
4592
9213
4534
618
8186
3961
4999
8302
7157
9049
5941
8764
1963
4802
8259
9065
6516
8312
9760
9750
9528
2368
1063
7380
3248
249
4992
4349
2875
1327
4718
1899
790
708
7297
2947
1332
8564
2024
590
1492
6270
9728
3237
9372
5278
1044
7095
4001
3842
8118
394
8050
9748
5609
4221
6160
3640
9407
1507
3993
1364
7656
8430
3471
2164
5071
5262
1463
8500
2581
226
7591
7348
6030
7440
5697
4339
8405
6278
9102
6085
8718
439
7767
7758
4730
3617
5817
820
4467
1700
1891
7444
3176
8351
8354
5099
3370
9284
686
3513
7531
409
7028
6459
5649
4694
3152
2586
7919
2185
9603
4941
3911
5961
6562
6067
1385
1746
2911
6918
193
2144
759
6535
8413
6457
5095
6608
8423
1841
6375
5257
1596
1790
7512
1563
3819
9246
8084
137
5457
3524
3160
8051
393
6656
6807
1138
5503
4513
296
3503
9673
5495
3056
7242
7474
8176
4048
6683
8742
5889
1837
6475
453
1232
7607
902
7685
5560
1784
5324
2698
9707
6641
6534
6612
7822
1224
2846
2860
7480
7392
3895
9268
4197
9152
734
583
1977
685
3475
5547
3324
3883
4614
2809
7343
4084
5052
4213
4803
1868
2712
735
6045
6775
2207
5855
4055
8372
958
3227
3777
6468
6634
478
9991
1836
4824
3933
516
804
9559
6007
1185
3230
6707
127
1123
3363
9200
8958
8610
3277
8544
4089
2949
6408
975
6084
2975
1741
6616
4537
174
6409
9796
2379
743
3583
4701
4010
7470
6312
6999
5970
2741
130
8268
3967
1039
3115
107
6976
2577
6764
5460
9340
8418
2539
6614
1284
6161
8357
36
8287
8063
2190
6840
741
5626
6977
8790
1437
1782
5479
2596
3272
8030
8336
5519
8278
8113
8806
515
9784
8411
1753
7788
2151
3590
4259
5707
2796
3768
5753
8577
5671
3973
8696
6563
5167
4623
1239
7733
5881
7201
3440
5873
3435
9931
9738
8445
2572
3202
6590
1614
9367
3908
4415
3213
286
8251
7036
4934
7227
9765
9224
4479
2890
8033
2985
1918
4137
1662
1535
9231
5081
9573
4173
6881
2824
7849
7687
374
2732
5913
3288
5890
8529
5573
8758
3916
6092
1026
9675
8073
1190
2764
8117
5508
7613
7676
8773
5907
8429
2933
1410
6016
6213
216
3715
2297
8503
4666
3428
8465
6461
6232
3827
3243
8332
3448
6772
5207
2616
4287
2767
2346
4462
730
1637
6845
1567
6388
6402
3656
2886
5888
4843
3866
2237
2367
3581
4579
9995
5114
441
3229
6042
9619
1406
4476
6868
3357
8015
2855
3417
1744
2524
8751
9173
1555
6942
7231
4649
4766
4039
8125
2779
8786
8545
661
1374
8855
7271
8395
6455
3095
9080
4229
2488
6682
8622
7794
2715
3020
6901
7352
1229
8685
642
1260
740
6922
9175
9682
3362
8642
1956
4272
3134
9117
6340
2844
4906
6463
3921
7785
8534
5314
8808
1221
7027
4109
6987
8145
9410
86
7363
1677
8827
6793
2267
1600
7833
77
6036
5854
6362
4847
7715
9447
8672
5389
1919
508
6121
2245
9787
9172
9749
4907
3784
3
7287
9945
8460
6075
6073
8969
6558
9978
5289
9959
636
8986
4858
8954
9578
8438
6168
8833
4727
6925
5930
7541
7817
9263
3950
5247
823
6565
6378
8410
3909
5944
2622
5680
7356
9047
9223
3485
5841
711
589
9664
5401
7170
5874
4657
7949
2412
2206
6908
139
2054
9898
7346
1964
346
950
6954
6991
4897
4857
849
9549
4522
1445
1056
8733
9722
4165
2282
9523
4019
4414
8710
836
7991
1253
1333
3982
8655
6434
8319
7972
3180
773
6494
9890
7473
600
2175
7593
924
7401
1818
9857
1067
4357
2401
2419
4460
7616
9785
5989
693
6496
2479
6031
3105
5124
2423
9624
6029
5999
4418
8744
9616
6244
2861
4185
8342
7161
7977
9431
9805
3375
3149
8623
3118
7256
3313
9280
678
9554
8371
694
4779
2904
9289
6567
2685
9193
8737
1816
6687
4060
9903
253
6236
1875
7307
9391
2720
6414
4514
4965
7432
5683
2607
135
8661
8446
5645
7802
7443
9720
2502
518
4793
8822
2495
5089
4492
8083
4549
6645
3433
1380
1
1553
3805
5696
1721
4904
8168
7968
4681
999
8367
3082
6136
3686
8741
2371
8730
3554
2813
2526
995
7970
1347
850
4375
4350
9330
8107
8104
5962
2782
6119
1187
7186
1462
328
8375
3193
9555
8045
4896
6413
4851
3071
5830
7199
3600
9922
3639
7250
5430
786
5627
7258
2936
2001
1785
5623
7107
1821
9066
3112
5415
2329
5373
6165
1968
3501
5426
4988
4822
3057
9883
912
8468
974
4255
2080
5694
9115
4703
2159
4789
3810
9520
1772
2922
6688
4491
1716
2568
2522
6926
869
9489
534
5716
9281
7774
5992
5305
9947
9185
960
1220
1457
1942
1452
9251
9450
2472
4875
6507
7632
861
3812
4371
1502
5734
3869
2069
5192
697
2118
9667
1034
3068
8039
288
4677
351
3575
9351
4655
3308
3047
9460
9900
2913
7540
172
7062
1991
699
5172
9729
5246
4230
7965
2083
1620
5615
6257
4801
4036
6282
8034
4054
6794
464
7347
9441
6613
4546
4811
8501
6827
2500
601
6277
6122
5816
2548
9455
9772
1436
2154
9650
4745
769
372
1311
8765
7602
9327
6074
6399
7059
9267
2499
6263
8344
1096
4118
8681
7190
4183
134
5445
4556
4184
6843
4692
6228
5449
5043
7746
6628
5345
1814
4585
7479
8007
2103
2315
4603
1737
5665
7370
6404
8109
7639
5687
8257
9428
8882
4107
4142
3304
1052
6060
3449
7762
5427
919
7102
4226
8193
458
8870
4530
2505
7080
1576
2989
3742
1587
5041
1520
8270
469
3979
1417
6673
3100
2812
2806
3088
893
7860
5971
1582
2068
82
6034
3709
7856
3505
8889
9417
189
5493
4721
9901
684
8516
9215
4311
5533
1113
7976
2788
6358
7123
6145
7609
4021
9558
6782
2598
7403
928
6114
5864
1424
5411
3953
6316
9234
8511
5752
5254
556
9382
8978
6859
3060
6783
6839
6581
3773
5829
6134
6941
68
4712
8437
1057
6797
2470
8589
8493
4405
8224
7130
1421
4989
2644
72
113
7958
2671
3238
9174
9548
5812
2525
4205
8461
3851
16
142
4355
5450
7553
4856
4669
2588
9517
1856
8878
4645
2692
6959
5385
5740
4924
5399
1178
7138
9180
9233
7428
4983
1128
1824
5074
7426
6497
9374
2789
851
100
6383
1643
4402
1493
2651
487
4817
9022
1274
3269
3259
623
7969
4962
8238
2998
2857
9210
8761
7021
9710
3283
6848
3971
1423
4708
1249
3038
1655
7483
28
2686
1843
5421
455
5135
3854
3481
4015
3782
4664
1094
214
8002
8076
3552
5353
7514
7953
3027
2055
3461
7393
7466
482
2285
8989
2706
152
1298
4304
3032
237
132
1210
9309
7660
4620
7418
8023
4825
8011
665
8031
1266
4423
1246
6607
8091
2046
4791
9852
8654
748
9907
4433
6066
1914
7447
2664
3570
1660
9837
7368
9290
647
45
2552
429
6008
8369
3657
6913
4488
337
9592
221
71
6220
5039
1561
7270
3876
3966
9013
7634
2743
8946
6305
2848
640
6615
8143
1550
5768
54
8634
3264
1960
8381
961
1203
424
9627
5131
4219
3758
775
8992
7106
7923
5834
2965
3946
934
3875
4484
736
2731
5096
5964
2506
3289
8834
2283
39
6170
4451
7924
9322
4393
4214
1030
8029
1633
3634
4428
4827
1357
1091
6601
1115
2491
6006
3328
3714
8522
7100
7166
7492
6314
9819
2063
1027
4922
2980
2976
3041
5521
1603
5195
1489
2405
2557
9433
891
2815
4198
8785
7753
4762
8443
8504
353
8547
7624
4192
2005
5006
2870
1888
8131
6334
987
4980
7630
1903
4598
4524
1505
7845
5030
1624
7442
4608
297
9759
9141
7678
4987
826
1097
6805
3205
2952
8089
87
8872
5220
5160
7568
293
2710
3681
7684
7699
2621
9273
1594
8549
3206
5398
7605
9521
8014
8988
1534
3636
5066
7285
1428
8024
187
6281
6258
8463
4470
8376
7818
3671
5996
37
1861
5562
9206
4490
9448
4454
61
1268
784
5061
4565
5788
93
2899
1404
4964
6689
3987
8477
967
2632
4722
6730
1069
2755
224
9801
6566
8638
9039
6088
6826
7353
650
4753
3625
2864
829
2714
6130
8921
3788
7922
5204
9369
5381
4011
2042
5660
196
1011
7594
692
5366
6620
1497
248
662
1324
188
8901
5711
7360
5837
6553
5548
6200
8402
3137
2649
4445
7082
2232
3303
2903
573
7981
1451
815
2917
1525
6511
1481
9833
9178
7131
9148
7572
5876
7713
7424
7266
9815
3430
7329
1371
2484
963
2977
9390
7497
50
9326
5157
9919
5184
5169
3318
2238
2820
2409
8719
1894
7052
2356
8788
3203
2010
2366
2332
8290
4496
8137
9791
7184
2340
1126
6187
9663
6549
9773
9680
8001
3705
1552
5954
848
1815
9385
6957
4409
5551
470
3818
2383
7330
2106
7679
3053
1441
8582
7008
9249
9501
5248
3545
8575
1397
9957
476
6193
2597
7193
7954
9381
8407
3710
6770
3045
4038
4080
8684
1295
9240
1904
7491
7567
7543
7349
9320
6053
4159
3048
7565
2059
2519
8222
1321
1480
7840
3940
9717
1930
6442
1948
7072
7229
7912
222
9409
5036
3235
9779
9588
5432
9303
2726
4734
594
1155
3697
8721
9075
5794
7880
5148
8619
8658
9458
5054
9897
8412
1867
9144
5639
2277
2769
613
5827
3888
3424
9376
5075
7255
9848
4292
3787
5202
9802
2435
8543
5618
6196
9476
5392
104
9154
9490
2201
6148
4719
6291
2049
4571
1293
1622
7681
5886
2243
4573
5833
4286
3383
8066
8090
2369
540
1992
3386
4170
6225
3146
4086
4617
2018
9763
4602
6022
758
3262
6013
5591
2352
1618
3353
7869
2114
5357
8913
5016
1882
7725
1517
8922
2945
6113
3360
3585
2920
9347
2544
9140
3641
9048
4555
5807
1381
1482
9024
8479
41
3727
4866
2873
9204
9612
555
2026
2939
8032
9875
2060
8506
3965
4993
4411
7409
1162
2306
432
3484
3470
2173
4128
2514
2556
4908
1892
7439
2388
89
7768
8645
2131
654
3793
6955
3606
8752
797
327
1103
1461
2250
3454
1353
4960
2037
3948
2023
7083
7311
4611
962
5441
7765
7277
2078
199
8800
3839
550
2756
1578
1764
3497
3511
3550
6040
2640
2181
5506
5505
803
627
525
6640
2606
652
904
1359
9983
9698
3638
83
56
8353
8400
5125
6678
8247
1396
7066
3892
5590
8279
9880
4288
2916
8017
506
5611
112
8254
1325
9954
2883
6963
5199
9160
9735
6533
4658
8594
552
4844
732
7790
397
1901
8695
2646
4971
5991
7666
6784
3434
1042
9672
6256
2997
6484
2034
6265
6675
5867
3256
7233
2630
2696
3879
3571
3012
5703
6799
5331
8686
9344
2847
8147
7010
7192
7823
9767
6390
6166
1099
8037
1870
1719
2780
8356
7015
3765
6542
6737
3233
2410
8223
4332
5133
8593
4057
7659
3637
3514
1696
3384
3519
1913
3150
620
1689
303
6902
8068
747
2398
5420
595
7046
5797
4510
8173
8310
1431
3688
9335
9535
7993
772
360
5053
7930
3803
9699
2070
561
1664
8618
8494
6604
7942
8849
7709
9461
569
4065
2143
9339
1962
431
8526
4026
1216
1386
6870
2542
3439
2718
7241
7264
8243
5605
670
8706
4380
3652
9503
2050
8027
3377
4881
206
6331
7527
3301
9587
5182
8164
4809
2915
3786
4144
1241
9338
6711
203
6379
3335
7850
4685
7133
9133
4421
2483
1167
2938
8101
7998
8683
7584
2053
2004
8427
5540
3538
4832
8995
3548
7690
2992
6426
538
91
1054
4438
2198
6003
9038
9586
5170
8102
5805
785
8772
4518
830
1453
3400
3451
3604
2702
6146
2885
1950
5313
4778
4562
632
5514
8414
4979
3411
8605
9778
6203
1819
4265
8455
9444
5870
5478
259
7941
4245
2203
4439
5806
4767
3076
1799
5728
997
5360
6138
5979
8177
1212
1318
4077
2244
8959
2955
2800
4430
9384
3711
4926
3508
4591
2829
7178
8541
9328
761
2288
9004
3274
2867
7642
7339
4147
4494
9879
3813
2988
7587
2900
7288
376
7534
185
524
9050
3750
3143
1080
1949
6445
533
4828
1831
2503
6480
8625
2364
9469
26
3694
5180
5906
2707
7925
5824
3619
8331
9425
5104
1204
1360
6697
7165
6351
1611
5909
345
4776
8894
483
7523
418
3477
1717
294
8933
8572
4296
5927
2162
6863
4707
542
7159
5612
184
8558
1879
3988
5795
6357
5518
988
9790
2362
1828
8701
3240
4508
5606
7414
1322
2946
5896
5176
7171
9996
2132
8831
9099
8380
2158
3126
8289
7412
2575
3441
8789
2229
4877
5758
8361
9618
9395
6970
6185
8
4850
7316
5055
4448
2584
6288
8103
2978
1729
9040
6235
7177
7603
6070
6118
6125
2270
7196
3228
5429
9087
2048
3297
2302
901
81
1649
7435
2066
7807
5268
6129
1170
6684
4249
4382
5187
8021
6512
3983
1265
3929
5026
4134
704
8666
9098
1270
8235
935
2041
5212
2384
7408
8313
6396
4052
2390
9657
7071
5414
3140
9519
1521
4179
9111
863
1072
3660
1075
2676
7798
2167
1915
570
283
2156
5444
8579
3403
8419
2533
9500
8123
8555
385
2907
7379
2594
238
6598
4465
7588
3236
8974
1897
7784
7506
5423
8384
40
6742
7084
4835
3772
2168
7738
5613
6071
4839
2176
5659
1714
1787
8286
4633
3954
2095
2188
4037
9962
6033
3059
1028
5294
8339
5355
3863
792
8161
277
1196
9055
1370
5757
7914
2416
2216
5217
4923
1528
6587
6150
279
1961
6657
3348
8931
9408
7376
2653
8998
49
378
1191
2554
1773
1890
5905
5045
4338
8368
2192
4130
2265
9566
9713
4504
7091
3309
7317
5440
1774
9941
6862
6530
8134
6734
4902
8409
3722
2137
945
864
9929
5216
3258
3162
1022
1983
8352
7136
9355
5280
3488
5543
6754
9569
3242
1636
7405
1581
7797
4436
9262
5059
2451
660
8478
7115
7627
1987
7801
5826
411
7069
4441
8879
2031
3733
8288
8938
6142
415
1059
5103
8980
5101
2427
8567
9321
7963
2700
3732
9166
1208
8653
8314
6860
502
2984
8373
7658
3885
7061
4646
812
992
3040
2197
6997
7921
3207
2038
9294
2326
6222
2311
6622
5296
3517
7500
9917
659
488
5107
2765
3557
2937
4632
4482
8136
2516
1612
7246
6216
8807
1628
3904
9585
7310
9226
7215
2123
8309
609
9480
4616
7003
6382
1738
2530
541
9063
1050
9300
4293
2212
8966
5935
4241
7983
2642
5844
1277
3821
5241
2120
4131
5676
6470
6381
7382
3089
8142
1472
1474
2940
1086
6619
4024
9324
914
8487
6681
4954
9176
3659
384
1802
4166
4687
4126
1613
1829
3245
852
8042
4059
6296
343
9538
2272
4916
616
5969
1023
4045
6163
897
9976
9232
505
7294
1985
9769
1344
2990
7628
6968
4715
5581
3156
7139
9733
2797
4209
2613
8755
7610
233
9866
4285
8963
3631
3989
4309
1844
4743
9119
3209
4531
2625
8308
5509
3576
9806
6339
3065
379
8472
9518
947
7571
3770
5291
3355
9930
2657
9724
4210
5636
4873
1650
5290
2574
2125
8301
7308
7771
9001
5380
8845
8865
4481
3674
264
578
2515
2179
4018
2121
8888
3399
565
169
5471
3061
4577
1231
1503
8576
3474
6666
7320
8517
3336
7137
7223
9159
8570
2520
8397
2956
7803
3840
9043
6300
5363
4202
7350
159
5956
3799
7043
8763
7718
6283
9271
3069
3244
7525
8271
9679
2231
5780
3017
8157
2271
7688
7194
1947
5372
894
8615
365
5356
3373
2146
9060
5853
4702
5118
5451
9921
1459
477
124
2722
8335
9058
9286
6855
6327
8085
985
2994
2145
5911
7911
9315
9576
5174
4474
6765
7908
58
1604
2370
8282
8824
6298
4862
6751
9041
5300
763
2222
4168
9389
4246
3273
5412
2006
9916
645
4634
3167
7966
4929
3104
5925
9958
4704
6846
8197
5577
9515
8677
9928
4713
7058
8624
7894
1007
5910
6787
7832
9661
1792
5227
782
8041
170
8044
4302
42
1572
5111
9856
1549
9799
4769
3241
5951
9353
3737
646
4796
5013
3816
6101
5073
1035
2153
4473
9742
7574
6988
4002
9865
7564
8055
9951
2627
5060
1283
4749
873
9317
7836
2902
3582
8627
3200
5149
6189
6239
7446
6818
6250
607
4670
1251
7114
3795
3058
7577
4910
3010
8349
1529
9580
658
6761
9237
202
7279
4469
1656
9253
6230
4437
8398
7208
5963
8657
7487
321
7017
6106
4177
4837
1300
355
8058
4761
1678
8669
4784
6439
622
9276
7164
6223
520
619
6387
8345
3476
6655
3323
970
3317
868
3835
354
9645
9904
2392
4777
3260
5337
9033
6018
7078
7315
750
6336
5234
8968
5679
4289
1823
6104
9199
9090
3499
8559
2296
3326
7987
6011
3720
1337
7503
1975
9017
9761
138
2910
4378
9647
4344
5354
1088
976
9304
765
7948
1117
7710
2426
6107
4950
3292
4945
1391
3062
5029
7042
8249
2634
6499
1952
7459
982
213
3620
3743
3844
4511
1684
3960
7302
8821
3610
8895
1763
5892
2335
9546
2113
1450
5593
2107
9793
2684
407
8480
585
2643
1981
4589
6215
3936
2486
4062
8404
7185
2051
6618
1127
7461
7697
6061
9942
3653
6580
7647
9323
3546
256
7006
1395
2560
9711
5832
9660
8167
3343
6943
1910
8826
8291
4626
7035
4512
2058
5691
1731
1136
5443
106
7284
3500
3690
2191
7638
833
1617
7891
5240
4819
2274
1317
8597
6847
979
2328
8150
4625
4003
906
4758
7816
6318
503
838
9334
9497
7485
3858
5316
8250
3944
4794
2792
5857
6017
8525
2838
7468
1181
6740
3066
1834
7773
6552
8722
3096
8359
3889
7903
4502
4271
3103
5206
4032
4023
3338
9325
295
1316
3049
8779
690
8858
8853
778
1701
703
265
5943
8588
8880
4200
6440
8396
5191
5177
6111
7293
7411
9864
3693
6149
9593
1343
7037
2422
5958
8133
6526
9209
8924
6506
1261
7369
4831
7118
5288
6801
3387
2378
5203
4148
845
6630
1575
8252
5377
2482
2170
1087
10000
3903
1778
7272
435
1583
1124
9504
5201
5549
292
5044
4251
9744
9639
5739
2752
6337
9512
4737
9131
5733
6838
3518
9822
576
1718
4305
9094
8182
9332
7806
6458
4978
4557
629
1273
9191
5264
6633
5995
6755
2199
1743
2395
5021
4806
706
239
6412
1352
7047
5031
5474
6356
2142
4489
5542
232
2056
1917
2093
3558
8892
8900
3188
3079
304
1728
4257
5281
5374
2647
4408
2236
9311
1647
2417
2116
5456
3151
3486
9510
9726
3530
2130
3504
6158
1223
1346
5164
1544
2187
7752
9701
2468
2566
7526
5822
7766
9177
1200
9073
8939
7871
753
4427
810
737
5335
1269
5428
6237
7749
8905
3376
6882
3165
612
7067
5130
2675
3843
2092
5108
96
3616
9081
1108
381
3147
4615
8062
2391
4874
7902
9137
3145
1670
2139
6934
322
9513
6398
2009
7648
2045
3226
8799
5019
9426
4334
7974
5531
5323
885
3956
9350
9488
2716
7800
5820
6460
8856
7337
4203
9971
8533
3666
1379
2476
6051
2138
6540
2590
8580
4854
5968
4644
8668
2291
6739
2600
4167
655
38
8040
4373
9579
1761
2601
6454
5990
2550
102
4560
1929
3568
4012
9705
9036
4088
6556
6403
5595
5405
7220
2454
9132
1532
7389
417
1005
7830
3109
9611
4867
3970
9462
1725
3102
1392
4431
9543
6447
2003
1402
3930
5629
6245
7947
4539
6500
6115
8713
3629
2256
6028
4098
6884
9440
7590
1591
9000
2088
9498
7962
5885
5813
8178
7700
5282
841
6086
5883
6815
6798
9963
2749
2308
2324
1060
4146
5190
5117
4990
272
2591
3959
3872
9636
7736
1144
9113
9292
4570
5244
8338
7026
2659
6768
8852
1659
1018
1513
9378
8871
641
1681
2887
7556
5298
275
291
7222
7012
8490
5638
6056
7608
2220
7004
3934
9093
6464
951
4368
3562
15
7695
4622
5610
9807
1218
908
2761
5179
604
6867
7074
9021
5303
3388
181
5571
6745
8424
7252
7547
8128
8546
4659
6233
5127
5416
2150
965
363
7544
8766
3861
1015
3990
2518
892
6778
8676
251
1414
8950
9706
5274
1214
3740
9153
7791
7747
3906
3456
5213
1986
4520
1102
4477
7318
6669
5470
3912
7585
7598
5295
3253
9974
7759
7827
2350
7708
8828
8365
1304
324
2631
5458
6405
8561
6299
9998
1193
2406
9687
7522
8265
6171
764
4264
667
5904
8234
6041
25
5546
9740
5801
4446
8919
2892
3791
6309
8387
8028
6127
310
9885
2079
1243
6343
1518
5196
9228
8474
8300
3962
8830
6912
6637
7824
3270
8846
8972
5285
2257
1309
7558
9987
4145
7950
8698
2935
6802
1419
3775
2504
948
4480
9035
7033
9594
4093
7056
5882
2057
3030
349
1299
943
5898
6537
4763
4680
9516
8532
8908
3489
8551
3534
5161
1747
9470
7640
5918
7507
5539
4330
9127
3412
1588
8481
1512
9766
6525
955
1036
8832
6217
496
9994
4799
4536
511
7419
8971
4397
7324
6900
1966
116
8244
1494
62
9495
1783
1693
7537
7728
2496
528
3814
2614
6429
3754
4816
2314
5978
6789
6877
7013
5193
8324
8967
401
3351
2217
7158
8216
8993
4621
8144
2810
95
9068
3555
4901
9712
2931
8239
144
7723
767
8674
3577
9396
2087
5205
6664
1140
3480
5924
9892
5558
348
8188
9584
4782
3075
8893
7410
8844
9836
373
2325
5144
5269
4800
3695
1280
5082
6179
5079
7615
9678
959
9398
6273
7629
577
9732
7057
6430
8749
6501
1995
4691
8753
5782
5875
6159
6297
4918
8242
856
1186
9927
9777
9609
6015
876
2508
6151
2656
7234
4921
4953
6791
1687
9935
709
6809
8851
7086
9129
7997
596
3994
7748
3561
4340
3490
9155
9227
6392
3992
3676
7205
8915
4541
4079
8811
1925
1822
8266
4583
7488
5496
143
8523
8553
5526
8295
8191
3051
5406
3366
1083
9746
8694
5404
7263
7744
4434
3018
6385
7579
6956
4917
6964
8600
6221
3181
3409
9217
3063
6486
9277
7465
3700
191
5306
9545
8885
9689
8524
8699
370
5362
1909
338
6785
4936
9109
5736
6348
4239
3398
1148
8783
3984
129
8729
7398
994
6020
3135
6411
8099
4505
8362
6438
9614
5418
9269
1734
2040
4143
7631
6759
4284
3780
639
3873
6708
6065
3891
5302
1832
6359
6958
2831
3887
8866
5237
3014
307
5594
2943
6695
3664
6822
9057
9130
497
2971
8447
4731
1432
1477
7704
1129
9
5494
8403
9846
7961
1907
9235
5937
9878
9970
5654
6989
3963
6709
2342
3886
4628
1202
5567
8809
2650
2909
8693
4151
9162
5737
3394
4303
9758
7852
3574
8590
5523
2127
5048
4034
9363
7384
9831
5065
7926
4348
5657
866
9169
1446
5704
2960
3337
5578
8603
8787
7814
4698
2361
5463
4775
7701
9420
7073
1665
7375
8408
5512
2825
7212
7282
448
7386
3356
9357
4733
5145
3721
9719
2290
977
8304
9869
8861
7200
2583
668
7322
7825
1877
8094
21
5700
2854
8305
8708
3099
6483
6211
4243
4773
1522
5900
9751
788
5851
3295
5489
1554
2973
4267
2563
7377
799
9165
3319
8451
5793
946
2628
5236
4435
5452
9370
9171
9781
3081
8943
8132
4297
6456
3463
4519
9400
5062
5534
6384
1619
1705
6365
8937
391
3064
4282
7120
1438
5238
5486
7249
8079
5375
9783
2389
8459
4969
1282
8047
6713
6975
4150
3744
8942
5582
1709
4951
4359
122
6940
110
5319
7973
3129
7390
6714
7996
8095
5365
6643
3623
9582
3342
6731
7434
2534
6353
2928
4236
6576
6873
9895
2343
84
298
6603
5537
1616
2804
2200
3704
5158
78
6696
7168
9219
5483
5778
5942
80
7477
8139
5946
953
1723
8614
6419
5836
2061
3532
3919
7298
2295
5565
2097
6093
3655
2709
2658
9487
5488
5259
7719
9120
5730
6466
6878
5436
1389
7020
6204
3391
6672
3815
3070
2218
7268
9170
8473
7214
4041
2680
9216
5163
7340
2016
6083
290
2608
3624
2724
7088
1006
2474
4958
2770
1857
7064
7126
319
1358
4596
6543
6077
9752
105
9348
7007
1527
1727
5218
5211
2440
3635
30
4495
1153
4388
9810
2299
6832
2260
4022
6971
2067
3771
707
5102
5987
2262
4756
2672
465
8170
5393
6760
4189
5977
2099
8818
148
4605
1545
2304
4115
3968
1401
4328
8935
8566
3198
1692
2359
2473
2110
2351
3161
3630
9825
828
7693
6661
7671
3779
5899
7692
47
6933
6903
3261
8863
2834
3141
4785
8637
223
2169
5957
5326
825
9841
7197
5417
4864
751
3220
7031
4755
7187
9754
3527
8054
5655
4295
5175
6493
3790
8227
2133
454
7099
4308
8255
8554
9872
6998
5110
539
9136
817
8059
1101
8334
276
9449
657
8944
6716
5226
8245
4833
8214
840
9829
2307
4955
2663
942
2787
7326
9702
7038
9184
7206
6090
9138
335
5528
3578
9534
3311
9821
1674
3760
7023
4475
4580
1483
9913
4323
8106
165
9218
9486
1382
9295
5722
7098
8687
2841
6068
4450
1514
3372
9745
4853
7463
5208
97
1809
4786
76
2269
3460
1076
8949
1504
1289
7589
9097
5787
4564
5477
240
176
9248
3823
6841
7927
3043
6108
2823
3026
4846
1296
9552
1733
1884
6621
2893
1336
5310
2233
7146
2535
9960
7706
3333
1786
3781
7532
7570
8484
8735
6606
4050
2337
2239
9260
2227
9909
1093
7303
2729
9314
1511
4097
3597
3593
1071
4138
6268
4078
7345
4386
198
7703
7381
3199
3458
1539
8195
5653
3739
7879
9920
4005
4893
5387
1256
3725
6231
1092
8857
6162
5014
4892
217
6982
794
5126
8738
3438
1642
8646
8535
2781
1691
4091
8960
1846
9306
1713
6561
809
4425
1657
4449
2576
461
3609
6322
2674
1758
5139
930
3627
7614
268
8598
9108
9103
231
9432
5229
9635
6790
6994
1495
1008
7694
9362
9157
6246
7935
8983
4952
1166
3314
1301
2224
8617
6427
4671
4597
3669
2393
9456
3420
9849
9789
9574
7122
4654
1905
2202
5137
6190
8662
8781
3254
4314
9468
2501
3299
115
5513
6557
5276
5713
5384
1672
8907
1236
6829
1671
4196
549
9230
403
1710
7601
2617
9692
301
9655
4228
1171
9530
7407
8750
5997
3547
2912
5256
6518
6449
4384
5894
4458
879
6363
3541
9061
6420
1932
8483
8881
3913
3184
9981
4563
649
3924
5304
339
8843
8862
3429
9492
6152
8127
4407
8725
7770
7680
7592
5005
247
2104
118
1487
4595
9236
284
7862
1033
9727
7189
666
215
721
4127
423
7301
5839
8441
9755
5535
6509
1958
3826
5767
7750
440
5020
4102
5115
2177
2084
6528
2758
3327
5771
4529
228
7778
3753
7262
5647
9776
5165
7542
2141
1863
5049
8836
9803
3263
9254
3055
7260
6757
8386
7917
5147
3310
7561
7654
2064
2826
7994
8996
5819
4114
2353
9342
7883
4294
225
3450
4826
4106
3035
3021
3516
2458
4501
3580
6315
9312
1989
5371
1496
3717
9688
9156
8377
8896
6891
9341
4568
7240
5485
9405
1530
7224
9051
1132
6072
3926
4919
7932
2747
7219
1234
2276
3551
2667
3029
6629
3931
3340
6948
9977
5775
7319
7267
8475
7283
7275
8184
5648
6985
3996
2161
5153
8999
2411
8112
6904
5743
754
9333
5183
3824
4740
6467
8774
7501
2736
6437
7198
9287
1990
131
4717
4820
1062
2477
5140
9541
3204
2619
5273
1089
260
1351
2602
5604
9134
8982
688
5022
7889
5748
9167
1874
7009
3716
43
3608
5975
8705
3249
2386
2446
8389
1164
3849
884
4943
9411
7786
3797
3850
408
7843
9437
5940
8864
8198
9053
6478
7207
7622
4174
6883
1051
2135
4182
1031
2348
2678
8192
7946
802
1388
3462
4156
3465
1881
7055
5397
5317
7236
9331
6521
5011
9380
3958
1064
3127
1168
6446
2850
4724
1378
1206
1781
8560
8875
493
9052
5499
956
1592
5754
2085
2942
5916
9202
3539
1864
3523
8518
3677
4453
5425
5953
656
7563
2047
4723
5879
6391
5631
8114
386
2587
2734
8092
5382
5263
5461
1519
1506
621
6939
4686
9862
834
437
114
9256
9082
1959
2487
3601
6504
358
7682
2995
1900
8416
8241
3033
9089
4486
682
6046
7712
9948
8648
2689
1142
9009
4939
4140
8388
4547
691
5570
8060
9896
9621
7939
8563
4164
8187
8917
1141
8071
9100
5923
2226
5146
1122
1199
9544
634
3587
3763
7160
9412
7536
9795
7213
4211
4324
6856
1160
4660
3422
9794
6834
7373
3195
8467
3415
6195
3393
9596
1021
3425
1425
4888
4714
8820
6857
9782
598
6308
6920
1923
8174
2485
2117
6676
7092
9656
3847
179
4569
1288
7844
8485
8036
9925
2043
7900
5517
9018
1755
6254
4883
514
6306
4161
3339
9640
5678
6141
5619
9196
7548
7406
4047
2208
7011
2638
1345
984
2888
9651
2221
8692
3168
507
3713
8612
4604
2654
5893
3841
606
5051
9002
7152
4631
2248
7261
5023
8061
7269
5690
3085
1988
8450
4656
1597
5500
4006
4014
3153
6701
7795
4498
7508
8069
3941
7586
1584
3595
4765
9696
8273
7653
4525
760
4000
1245
776
2660
1341
4008
2178
168
6660
6928
1805
6773
6286
5245
3284
7769
4321
1872
1732
5658
7290
4991
6898
9924
4957
7333
1536
1776
5154
8776
6938
468
5903
777
6175
4523
7596
6786
3881
8850
7897
6872
8795
6332
7191
8574
9211
8276
9591
1012
9509
9143
8317
5472
6899
4994
6025
722
4464
182
1627
3918
467
7438
5804
4401
3190
4353
2925
2086
7530
9788
5080
2852
1276
5424
6055
9677
6280
2677
4253
8583
4804
1730
1848
7097
8370
9956
1994
3385
4808
5614
8303
5608
8704
4247
2877
1130
6341
8000
865
287
7881
744
7702
3730
3445
6966
796
4104
299
8775
1759
3436
6492
5984
242
7162
6744
1073
4312
6981
7760
9700
2279
8911
5400
2833
7989
1467
8854
5914
9151
1839
7494
5277
5311
5224
3157
9643
7385
3830
4781
8745
8311
9940
5292
4222
6082
2884
2733
6949
4207
5138
6738
4507
1491
3724
18
7276
7918
5616
3368
7281
8439
9435
7299
8003
3285
6219
4463
7513
8392
2339
4516
421
5720
7451
3529
8660
7053
3225
731
8918
1278
6508
1876
2303
8739
5950
9278
479
7943
9229
6094
4662
3685
2972
67
2618
1777
490
9602
7910
7940
5525
3437
6057
5672
8760
3466
5842
543
7612
6568
234
311
6050
739
8981
2298
7689
9634
2403
3632
1889
9827
252
8977
1736
7964
7651
2195
6153
2878
8272
1921
9736
9808
4208
651
425
5947
3194
8226
6352
2074
52
6635
1362
3802
9524
535
4545
243
1954
8716
7901
11
9359
3257
8609
270
3747
3346
4342
3589
6874
3848
6266
9387
746
3286
281
9383
9414
2962
1340
1016
716
5646
2052
1676
3110
6750
8237
6597
2036
6027
7367
2157
8568
9804
2
7573
8994
6990
5901
3177
2448
2791
3347
5750
7079
1302
3389
5814
3380
4103
1394
8096
3002
4071
2316
3142
2828
3942
4683
3329
8236
2639
2760
5617
3864
8890
9946
9721
4582
3899
7456
1225
8643
436
5001
6510
9421
4123
1798
5835
2874
7898
7140
4133
7374
6651
5120
4859
1769
1765
7995
4500
3431
3022
5538
5714
9988
4390
4343
1635
1252
5681
3330
3478
2204
9989
6477
4155
8930
7677
6910
6247
818
9019
8155
6844
5361
156
4099
6816
2822
9250
4903
6444
1998
2312
3702
6578
8756
3000
1017
7325
3502
858
867
4231
2759
5094
7672
9526
1479
3019
5376
8909
2102
5221
5475
3728
3957
4741
3897
160
8936
6311
6875
3427
8665
1182
9961
4432
8632
3689
5407
383
7515
8513
2766
5915
6792
1213
6044
6410
7142
579
6890
4337
2431
7221
9194
3755
4306
3080
4335
8690
762
733
153
9630
2746
1939
4363
1623
9313
5466
5232
8502
7726
4558
5459
9889
499
6009
2682
9122
2950
4095
8869
8018
6274
9054
8383
2363
6880
7779
7039
7344
2691
7892
2941
5383
653
1797
7887
8578
3521
5698
8166
6962
9091
2991
8608
9393
2908
1158
1865
3512
1454
1449
6569
331
7505
6313
531
1589
7247
8497
5773
9465
1571
6345
8082
8990
4419
1641
6058
6704
6109
996
7354
9598
5721
7341
2868
1704
7217
3774
933
4780
8928
5012
3031
6259
6978
3487
5828
2773
8341
8169
4581
7495
5717
676
3396
244
419
8711
1384
6248
9888
8602
5589
2636
1254
8385
4270
1855
192
6539
9912
2128
8350
4590
1047
6197
1106
5333
4262
7450
6743
4882
7899
1770
5846
1661
1842
6435
2429
3172
7714
9953
414
5792
6347
4280
171
7854
2927
9392
7698
3413
3723
9239
3628
4385
5746
6861
9467
8283
2895
6503
842
8703
8057
1082
3122
2843
6917
60
2414
7127
917
1152
2252
3024
258
9716
9264
1780
572
6310
3977
8641
6532
9741
1658
7734
6727
7737
2679
3222
5299
8847
944
7167
6406
2449
318
410
5017
257
5625
500
2717
8428
79
405
3093
9694
2136
5933
404
3442
1116
5529
8232
7274
2784
6425
5242
3414
1653
7117
2549
7524
5920
2008
8514
9145
3361
5966
3039
3191
9533
6482
1037
4352
8258
1369
5858
2798
9982
6993
1313
9855
1149
8838
7979
7980
5710
9873
6098
4675
2957
4540
4509
3185
3684
8348
9126
5069
1808
4690
6720
8210
5960
1498
3494
2593
7990
4281
2510
8219
6096
7621
1139
8521
1969
2255
7986
7668
6368
1820
8510
2263
7371
1794
6685
5524
780
8275
5084
554
219
6828
1775
9238
8649
5050
3845
9118
3533
4528
452
6984
1024
7815
2126
9906
8712
7001
2818
8923
5283
201
7955
6131
5293
7364
7620
4895
6395
5465
6465
2471
6372
9877
3405
1978
8129
4035
8281
9189
4855
720
6837
7724
2032
4381
5598
3034
3094
1762
4193
9641
738
582
1631
1645
9737
7002
427
1105
1183
406
9843
9466
4013
6735
1228
1937
8873
7934
4768
4030
1940
4171
1750
5395
7399
2699
939
177
3868
6502
6724
9494
9471
8035
575
4004
7999
2532
9014
9112
8470
8884
7904
3320
340
5340
5572
3171
180
6726
9201
9084
9067
3423
1702
519
2543
7670
675
6593
2754
8203
6586
2839
6767
4688
5856
9601
742
7645
2778
8274
9296
2982
2493
9871
9992
8378
1531
1488
7936
591
8327
6069
3410
5603
5877
3980
8476
4752
4007
4913
2762
8973
3859
1211
7839
2559
5250
5731
2172
3809
8172
980
7336
5751
7291
5230
3836
3189
489
317
8016
6393
7562
7362
5932
724
6771
1648
4932
4863
3402
2897
3729
8421
6147
2859
3699
8778
8987
326
1287
7511
8528
6038
9863
2891
6650
1275
9529
245
617
7259
6523
7792
3005
1478
7675
4085
3125
6095
442
7604
8498
7727
7357
5729
7859
4709
333
94
530
6010
2305
3535
9375
536
7929
4162
5557
7464
4499
2592
6538
7421
4561
1735
6184
4876
7313
1602
9605
3808
7150
6914
6699
9610
6355
8201
108
5550
6207
158
8322
9714
2234
3658
1938
1722
5850
3618
1499
4410
8754
5871
6498
9739
5708
7331
546
344
6876
2394
8343
9244
6474
921
3668
5919
2374
6491
3418
4413
2186
5159
4946
1640
2375
9703
7623
983
8813
7663
3588
6054
8777
2802
5388
1095
847
5632
46
6588
8453
9565
2603
5033
1771
5633
5583
9379
3917
4360
5585
6717
9506
4319
9368
6206
8757
2751
2400
6279
4661
4218
227
2805
5868
2215
6636
1041
3250
808
8049
7
1013
4629
3898
9604
7245
6154
6394
412
1630
183
981
3726
903
6909
3401
8868
971
3981
4668
7552
9649
308
5058
3633
8154
6471
9725
714
2579
1866
7111
4141
173
9104
3789
701
7397
9438
801
6269
3565
1159
7338
6674
7034
1853
5663
4879
4880
6967
4017
2567
2840
7669
2428
2750
9681
7135
2165
2115
3036
4199
5040
2727
7040
4678
6520
1032
7025
5341
9527
9186
6431
3870
2830
887
4566
8202
5188
9570
473
9934
8841
957
456
5260
2969
3579
5522
2730
1830
3896
7855
7866
726
444
1179
7535
7951
8135
700
8121
8108
8151
3905
1697
6617
6366
755
8391
2062
1458
2011
7243
9451
2763
4813
4812
1970
5271
4053
6965
7837
4400
3214
491
1574
8220
1922
3882
1912
7510
6289
9747
6180
2035
8130
882
3964
5747
7372
2443
9443
8815
4885
2757
3937
8814
8340
6736
562
1601
8120
8953
4016
7812
398
2105
2921
6821
7484
6120
4042
5409
6490
6892
4444
8970
9222
7427
166
6836
8948
4601
4553
1972
4066
5981
5469
7569
8337
2489
9307
498
9581
9477
368
9453
9182
1271
6648
2421
7847
2122
5359
3703
7163
90
2424
2317
7054
1077
9485
6329
6980
9198
4237
2701
7956
7209
2605
5209
6702
3999
7865
7391
7431
2497
5482
4930
3928
3920
674
2961
9275
7323
8491
5433
4975
9371
7195
8678
1418
4959
6214
8284
5763
9870
8078
6812
923
547
5596
1854
2578
1984
3131
8012
1014
1447
2954
7143
8707
3359
3108
4033
9388
2100
4417
8077
6183
8734
5358
4119
7533
911
6691
5744
7757
5726
8048
3776
9980
5674
3572
813
5100
1350
2571
8682
5706
194
9302
5152
4468
2017
9478
4533
9654
4094
1262
2355
8148
7235
8842
3332
8207
9418
5808
8246
7599
5068
4815
3998
1383
4
1109
447
8100
3667
4420
246
8770
5219
504
4383
4063
512
4404
8569
2413
3785
3334
8997
9016
3976
2986
5261
5597
186
779
1281
5348
6407
6573
1070
8435
9608
361
3749
1629
5541
6752
2354
9337
898
1652
7777
7155
278
4160
9430
472
4599
316
1147
371
2425
7475
6722
7204
695
1131
6019
631
9403
1936
9926
6443
2880
6609
937
5791
4361
2901
7664
6823
4248
8307
5669
2894
9860
3452
9183
402
7863
7182
3169
1180
3613
9365
9010
1516
6276
2171
2345
3404
6489
9950
990
3341
2558
9308
8724
7383
8748
4542
4795
3884
9484
271
1639
4925
9187
3871
1946
3447
6747
3947
8925
3985
1310
4406
2096
3196
8253
6605
7024
8426
7309
4735
5719
6333
6514
1982
5762
1393
3086
162
4886
5171
7644
5419
5840
8548
8006
5056
6012
4845
8189
9427
2919
6947
3120
637
3395
4376
9031
7809
9615
5018
798
5390
5563
1291
6140
5038
7342
3164
8644
9583
2321
9842
1465
4977
2330
7254
5772
3007
5917
481
8586
5511
8140
5105
1812
529
8080
756
5342
886
8899
4624
2219
4132
5307
672
445
5959
27
8444
8004
6545
2281
5352
5284
5346
5378
7559
5025
6401
7846
4090
5468
3183
9105
2930
8181
6513
7717
9606
5580
7944
8297
3952
4100
6325
420
8233
6209
8138
6671
5320
5699
727
9966
9121
2498
1638
800
4606
5544
1826
2808
2242
6531
8673
2447
7618
9168
5556
9015
2149
1442
3611
909
8664
1145
5322
3186
1471
5037
8784
7173
9911
2240
1112
1192
3113
9123
889
4443
1568
7796
9812
1355
698
5092
1537
6505
1626
4788
8926
1833
1944
8046
3443
1538
3515
7884
822
7600
3251
5931
4487
1556
6267
4472
9646
7716
1590
571
5587
9858
5076
7109
3540
8803
6810
4720
8292
9542
5402
4277
7643
7745
566
3563
4290
1125
3817
597
6124
7877
4970
3219
1314
4068
586
2261
1683
9288
6485
8542
9756
4890
2816
3598
1413
1365
4187
9088
4736
1654
9936
2551
2251
5637
23
4830
8333
3828
5738
5336
6241
9562
128
3778
4235
2433
1025
3218
4652
6116
6571
7045
3649
6328
3682
4318
8636
6059
4394
1121
4341
6271
5083
9207
5569
2331
2396
4374
1703
1835
6342
5902
73
2320
6416
1455
2585
3586
2091
713
285
2538
3612
1569
9642
9575
4944
4356
5272
1564
9352
7857
3015
7457
1476
3852
1754
4333
9561
313
9181
6728
8709
1443
3822
9644
5600
2213
8910
1928
380
3239
5000
6182
69
807
4949
8688
2322
3133
5484
2517
2404
9479
7985
6469
7145
3846
5178
8886
6796
2033
3144
8452
1207
3050
3862
2441
6779
4705
2610
2211
2970
1110
1250
4696
2420
211
7087
5686
6432
9044
3893
9245
8262
1908
2230
6364
8671
2463
8816
8587
6224
2313
7044
671
1695
7005
7755
4377
6076
7445
8212
1053
8991
8536
8163
608
6487
5852
2983
4234
4424
4096
5628
5344
526
6177
3208
6208
557
6577
9434
2457
6824
9557
2948
3479
9195
6866
1081
9446
1469
305
9764
2174
718
359
5859
5602
4973
4069
8260
7351
2529
6668
1175
9274
8573
8955
1999
1757
1376
7202
5588
8009
4442
282
4139
6871
7365
3935
7872
22
4665
5077
2434
2776
9343
2589
1258
6706
2461
7176
5592
5351
3078
1176
3783
1586
1599
8323
9482
1605
7423
9967
7181
8947
2531
450
9190
2223
486
4797
8530
5312
2979
3406
4898
5718
1862
9252
3166
9599
3281
8299
2862
6103
2713
6524
8780
7278
6820
9265
9491
5134
4647
8204
9851
8149
9356
7292
2987
8218
5741
220
3506
3223
5798
6693
6370
9464
6376
1803
1279
4849
4310
8482
3662
2623
7496
3522
8659
9072
4188
5329
6865
3011
7022
4395
428
1422
6719
5980
9662
8848
1887
745
8507
7304
7858
8263
4648
7842
4575
1219
9399
9319
5965
7429
3148
2786
5502
3719
4372
3951
9780
7119
145
1400
9179
4699
4535
7905
4316
266
8810
2119
6317
9753
5635
3305
9600
2456
3556
352
4459
7149
5756
3280
6173
8285
9481
8393
5394
791
7253
2914
663
4124
4981
484
3473
581
9839
936
6293
4760
126
2254
6202
8321
2341
5225
5166
2323
8065
9360
3074
4263
8394
8158
5922
9893
5559
2480
6287
7635
2793
1111
449
4609
5936
2845
2620
5742
2347
6833
8346
4354
3820
5249
4113
4544
9828
8329
8294
968
1004
9062
8256
1320
1098
6453
5448
1217
2402
4362
7063
1209
1945
9620
4732
178
167
2905
9436
6850
7238
3025
752
7218
4051
7032
3453
5155
1464
8208
3163
5831
2790
5784
3901
7853
5214
7742
3221
151
4412
1607
347
6624
3101
7321
6354
7913
610
6852
6155
3974
4215
7499
6995
8952
9923
1916
9709
426
4515
8020
2711
4329
5129
9786
3553
9158
7144
8606
9537
6099
4639
7810
9270
880
2934
3098
806
8228
8056
8180
7992
843
1188
3378
643
6547
5644
3446
5774
1335
6733
5641
998
2071
8601
9336
8417
8962
2604
3119
6813
4120
2748
9797
6888
9834
6575
9161
683
7436
4136
8769
5228
4172
1548
485
1756
4204
8093
888
2319
1177
8005
3097
1486
7108
7967
63
1233
2633
1339
2785
99
1161
8165
2152
1760
1174
8726
6249
7582
195
7110
2879
7433
8499
9695
9876
5682
6519
4751
7286
9077
7819
433
568
9373
9563
973
938
6631
9840
8771
5156
1967
9214
1157
8782
9413
6951
9283
5487
4948
9891
6803
3331
2129
2872
3696
9653
1244
1849
4933
9008
2194
7731
6595
4757
6762
3910
3769
3537
3573
6686
8728
6600
1368
7673
149
4750
7743
626
5662
2565
710
7476
6284
5530
13
3128
6835
8633
4619
567
7081
5848
2453
5431
6481
2455
8496
4613
475
3853
7984
4351
3154
5121
6579
3182
5408
9499
8837
4180
255
6679
9071
9020
2273
8723
2387
5481
2615
4935
7462
9859
1151
1953
4674
1468
7735
3092
3833
1675
5650
6128
871
5097
2235
1906
306
4043
9984
2626
6974
3857
7776
7626
315
6710
3925
31
3498
4326
7125
9318
2430
2629
3469
8932
5861
7546
1466
832
8929
1416
3831
6049
5675
3392
7606
4739
1851
8466
2528
7739
3549
9838
3991
7625
6946
7821
8434
872
2570
9188
2397
4600
3672
7520
7151
2974
6014
2021
8552
6715
3837
6596
1429
7763
5677
6527
3596
5003
7882
5895
2624
2336
6262
8607
1328
7415
9502
6594
2832
9638
356
9056
2180
6374
9874
9887
9439
8604
3116
5168
5266
48
1134
1796
4046
5093
7580
6191
8714
8026
2562
1048
6853
4081
1795
4937
3801
3294
2993
6831
3457
342
392
141
1114
5434
3654
8515
9106
931
6935
2109
5122
9454
8306
5222
5702
3073
8261
2959
7404
9023
9899
5297
463
2708
1885
669
6589
3300
4157
3123
6945
3531
7885
8457
6091
7652
8613
3279
9078
443
8903
2611
7359
8663
5391
2803
6181
462
6584
2012
8859
9633
367
4195
4700
7674
2344
8934
9349
9757
6653
4506
8584
5270
8019
1312
7147
1980
7211
1621
9415
964
4986
1163
9844
3132
1169
7655
9999
7916
4792
9975
9064
8205
6423
364
1329
2668
9674
2783
2582
787
4027
3735
5651
1439
9708
6272
1708
2688
5973
2673
966
1156
6639
7741
7636
1965
7560
1473
907
7400
1911
6307
9358
4220
1084
2209
7248
5974
5849
7581
1238
4742
3298
5098
5863
5790
5860
2462
2612
7931
9658
4838
3838
8527
8650
6135
8442
387
6100
875
8965
1485
5527
3369
7982
375
8363
1523
302
6652
9915
8298
6238
9894
3856
9114
827
8010
4503
1257
9085
1264
1247
6255
6806
4389
5815
9279
1043
6205
6421
8067
5967
3444
7538
3232
3467
5818
6780
1135
9743
5809
3687
588
4650
5745
6811
3197
7175
4914
4805
2309
8160
4422
6037
6769
65
4861
8762
1893
3255
4747
3651
9648
9032
2523
8520
6559
3648
1319
9205
862
2687
2635
6452
3354
5267
9567
5447
4905
8823
6788
8639
4552
9241
4836
2318
1883
1303
4872
7864
5132
9006
2537
5670
624
5986
12
5422
6062
3829
250
7129
6570
5258
460
6979
8539
1951
9564
3591
1595
6089
2521
2372
1470
7545
4521
4770
7335
4176
7799
6642
1558
5476
7239
6320
5799
1361
7180
2898
5800
7000
4217
9147
1768
4653
5437
9507
5766
4961
8022
3416
3114
4947
4493
70
8206
4398
6198
8801
4842
3174
6043
1308
8611
2007
3746
1009
9683
5035
6157
2771
2966
689
325
874
2247
4058
9059
5367
7116
1290
8248
8945
3880
212
88
7104
4273
2432
6864
4998
4358
6192
2547
6261
9457
9045
1920
6253
309
1509
4729
7051
2896
5838
7875
7740
1680
4278
2101
4759
5586
5515
6921
9832
1029
7720
1817
927
3645
3495
7649
3718
3745
7090
6321
1577
5473
5386
3766
7782
5554
336
1510
1838
120
1902
5275
6825
9985
8162
9128
7960
9556
9092
33
2469
6854
6753
9597
3350
6292
2098
2094
9918
5779
2044
4369
3679
9030
8620
5370
2683
3419
1373
9164
6243
8043
7907
2772
59
3374
6992
1570
4456
8110
3009
1542
915
9571
2924
4938
715
7789
9297
8720
1739
6335
6001
4754
4129
1349
8964
9366
6610
9762
6389
6156
5843
6023
3483
7554
9775
197
6079
4478
3712
5078
5709
4105
4618
910
7216
9496
7834
7787
2695
312
3158
9299
6649
1943
4593
8743
3004
6961
4365
7449
1996
6417
1020
5315
9631
9272
916
5119
6418
859
9731
4651
3315
4135
9665
5507
111
2338
7764
4387
9910
3907
6517
3382
6400
6659
9301
5630
766
6424
6112
7971
9861
1740
1579
1766
9472
3364
3290
1306
8240
9666
517
5136
6896
5070
1878
3352
2863
4829
3178
8647
2264
1411
44
3170
8269
8956
7619
6572
6251
9525
457
9990
6647
9626
9316
4031
5046
6102
103
4526
8904
4744
5369
5955
8364
6551
644
2856
7183
5057
5652
1606
53
314
9902
6746
1038
548
1409
4807
805
2373
9005
625
9809
5566
545
5574
2183
6911
2509
4028
6064
2444
5024
4268
6546
5715
1924
8505
1807
9149
6667
20
4814
9623
5769
5347
6415
2697
5620
6996
4232
4894
3408
5872
4554
4452
2827
7481
3316
6680
4201
4300
9142
2327
92
2738
2817
7103
9282
200
1682
389
438
7841
4996
1372
422
3683
5403
1811
8382
4748
6658
1197
5455
2882
6915
3543
6380
3296
5993
1615
6210
8070
4912
4029
9011
1334
4643
9037
4274
7683
2865
2871
3969
6849
3762
98
770
4158
7641
6
4020
430
9853
4607
9590
1593
771
3037
4076
3117
8519
3455
839
4588
3680
2108
9083
602
4878
3621
9622
4212
922
1055
2268
5162
8727
8217
3008
133
7210
4584
2065
9423
4532
3900
6973
3215
7050
9823
1669
2545
8792
9212
7868
5705
5689
4771
19
3216
2358
5116
5622
592
5564
2082
7016
8126
6326
3365
1399
9225
2999
7395
9818
6132
1201
6048
991
6936
6026
1663
7387
5349
5952
9452
5928
3978
9553
4790
235
9577
5642
1002
3276
6851
9146
7413
1752
2536
6137
8640
9422
3646
2184
7896
109
7667
7425
382
9259
8867
6564
6105
1508
4679
1976
2753
1935
9850
5825
9505
3665
9255
8670
4440
8008
7075
1559
395
2794
3594
7225
4186
7478
4940
5286
3806
9908
4942
1997
3121
7920
1690
8171
7504
5173
7332
3379
6983
5789
2951
6732
7886
7633
9547
3510
6178
6718
8221
1354
2415
4074
7448
6886
5015
7471
8153
1871
4455
5309
3173
4224
8267
5982
7132
1390
8087
8471
4345
2665
5200
7906
7065
413
150
5948
8891
8449
8152
2705
9473
3345
9483
5712
2292
7517
4706
3187
952
1644
3615
5007
4663
8469
85
2669
7575
6592
8454
9933
4075
8731
388
6895
3738
8906
509
537
2193
2278
811
6646
5072
8595
3407
5301
8957
4711
1331
5328
2637
1367
6692
6304
55
2703
9820
9993
3592
3915
5760
8159
7945
4313
155
8631
6858
7460
2205
9986
8326
9095
2494
2349
416
5332
7203
3077
434
6960
1711
7754
6218
2438
854
1806
117
9070
6212
7295
1107
1460
2795
6367
7873
4429
4995
6654
6869
5492
5878
4242
4073
4083
3955
8456
3136
7112
896
2553
6522
2399
5640
3107
3072
5243
9968
3367
7019
574
5009
7498
8702
3927
9107
638
9361
5186
4834
9824
4920
4256
6295
7730
3567
3003
5497
9768
9079
3698
5325
4233
9445
4092
5759
614
5934
3811
5109
5552
9266
9637
3138
1810
1146
3155
1927
1066
9718
2735
2981
1205
2996
7156
5786
9704
4673
7813
1694
9813
1430
1292
2546
362
494
6229
8840
9086
5926
4025
5976
8571
5693
9676
6515
2163
2837
9944
161
1255
9096
9997
4865
6451
4269
9261
7848
7867
8122
8736
4587
1040
3877
4909
9475
4108
4728
8098
3046
5364
8825
7493
7113
8358
7835
7388
2382
8401
4346
2481
9811
3986
870
3741
5067
7838
7096
7772
9659
3084
1119
7416
5027
1330
4194
4572
2881
3796
2019
8399
2963
5576
3536
8293
9258
3691
4559
1315
8689
4956
8902
6063
6260
5994
8961
5661
1230
64
2540
6800
7696
3023
532
9150
2155
4746
3006
390
1448
580
7361
4840
2445
3708
5770
6275
3997
3381
1941
8883
2694
7452
1226
1667
241
6887
584
5343
6937
673
4630
3706
3282
2821
9429
2015
4366
4818
4261
4315
3192
7721
8679
6472
101
6143
7595
7486
7089
6479
3139
3943
7093
35
521
377
8124
8064
5480
5945
3972
857
5929
4900
6756
5350
5575
5685
6574
6360
7296
1435
3492
6776
3939
6319
9572
6944
9135
1475
6929
7928
3661
501
2381
3307
8072
4391
6021
5128
3091
3736
6611
3607
900
4403
4997
913
4695
9192
1749
9003
7154
8038
5498
6924
4070
6814
2849
9965
890
7041
9668
9416
2662
1434
4915
7230
5998
3764
4122
8829
4764
4610
3001
6024
320
7489
8196
5462
6167
7557
3482
1931
8432
7937
1957
5002
2407
9952
6188
4638
4364
8599
2814
9522
3321
1524
6602
932
5908
1227
9514
729
7662
4899
3520
5723
6548
8767
7831
204
1342
5727
3761
563
7334
140
157
5265
6047
8115
2408
8355
4967
728
9589
5656
7467
146
6623
466
4676
6139
9247
8621
2774
4206
3650
4841
7469
7077
8557
7124
8876
2225
5845
2357
330
5210
4175
5491
6330
3670
6323
4110
5667
9715
9291
446
5032
7105
7805
1845
8592
8230
6774
2944
6555
7169
123
2196
5113
5553
6448
9595
2866
3266
6164
3371
8211
1415
5327
3217
3867
3509
8877
3678
2377
5087
6186
2287
7257
3622
978
8628
3130
1501
1801
9826
9125
9693
2740
2253
3647
5884
1420
3390
4684
3949
7273
341
24
853
1189
7597
2967
9669
8512
5821
5255
9671
558
4667
5185
4266
2166
899
5664
8920
7549
6441
4887
7611
3028
8440
7874
4223
6953
2014
3526
366
5561
7878
9305
878
4191
1408
5732
7068
7289
2869
6663
7637
8798
7895
860
593
8213
1297
3090
2475
6032
6723
209
9298
2460
1580
5151
8433
3602
6428
7820
8194
7355
1172
3542
9847
5912
2077
8431
6240
1078
8508
6087
2160
3175
6078
5112
8805
9845
1194
5223
1403
7705
4216
1541
175
6817
5042
8667
783
8448
3792
2466
8819
495
7172
1827
6550
4044
8697
7870
5064
1215
4370
1533
4527
480
1707
1751
2768
8817
9463
471
3210
3087
9221
6302
9964
9632
564
7048
6894
2301
6906
1566
9203
190
4279
9955
6632
8759
6712
3358
7793
2020
7617
1165
8768
793
6369
681
9560
6986
8075
289
7529
5085
6242
1598
9028
7458
4972
4064
9402
2853
5803
2029
4111
4317
8747
3464
9868
4416
5446
125
1412
6422
3798
648
4320
1285
5090
723
7783
4911
2648
6194
2725
6541
4258
1079
8231
3212
3834
1789
4693
3914
5279
8887
4810
9881
3569
2555
1405
5063
4672
7280
4275
2799
926
8581
8464
3603
8691
510
5749
3923
6338
350
5796
8415
8183
749
1248
4009
2148
5510
4399
4578
8406
4852
7455
8215
8200
8596
8379
7453
7691
6436
4087
3124
2511
6897
8912
400
7957
7422
1348
9377
8979
8951
1873
3468
17
230
3201
2513
4396
5783
2580
4966
2241
2027
2876
9882
5334
6002
8025
2437
1500
1804
3179
8715
1793
2918
9969
9691
5897
1323
4627
5584
4594
4367
4116
280
855
9854
8914
7583
6201
8116
7076
2719
4821
1263
8053
4049
6234
8486
5330
6294
8175
6842
513
7808
5516
8229
2442
5181
2670
6199
6226
5555
8318
9730
1305
6665
941
1286
1294
1673
846
6795
4682
5781
7933
2022
4798
3278
7519
1560
5047
9800
9442
2645
6927
6324
9792
2030
9029
3397
8630
4331
2851
3975
9110
5454
5865
635
954
1195
7888
4543
628
7650
1850
6544
6830
3902
3692
9979
4640
5142
9613
5601
7228
8746
5765
6741
3945
1433
5724
4347
5823
5599
679
6227
7251
7661
6560
7539
4517
3271
7430
6625
905
6433
5410
2968
9493
8074
8495
1712
9884
4548
3767
553
8700
6690
6554
1003
7030
7646
6361
9069
1143
4336
5785
4642
702
6285
154
9625
1100
4227
1767
3675
4641
3042
5091
329
551
2507
6290
969
51
6677
8802
1847
1699
7018
717
9401
4117
74
8052
267
2210
2609
6005
3426
9074
9459
5701
8422
8740
8927
9539
7314
2439
2452
2704
3878
5777
3807
2334
9419
4181
4152
5467
1259
4884
7188
2926
9607
1377
5972
119
8458
6110
9386
57
2275
5862
7312
972
2737
210
6905
1971
8013
4984
6972
3525
5379
4783
7959
6932
4067
4968
687
3496
1326
3922
1540
7915
3794
3459
9007
4716
1979
2652
1934
2259
5725
6123
262
8146
2836
8086
6627
9394
6766
9774
1609
2286
4238
5666
8366
2541
1010
10
300
2953
3673
4725
4891
8656
4889
6819
6969
9973
3432
2450
3067
7893
218
9568
2280
6035
1356
2124
8794
7518
5464
1407
6303
8296
9723
6144
1562
2744
2385
5695
757
9404
3995
1679
6930
9814
1366
4931
844
6252
1632
4298
5869
6781
7804
2807
7828
1046
8538
2492
4823
2527
9937
2249
207
5764
9686
7265
7732
3701
986
2182
5318
2641
3644
5150
1840
5396
9629
4466
6529
1955
4307
3083
4190
5010
1573
1058
1651
4726
9914
5438
1706
5880
2490
1065
8179
263
1104
1547
1800
8550
6626
1825
8585
5339
9949
9531
357
4153
2025
8105
4985
6763
1137
2418
9354
6174
1398
261
14
